1254115764
2197019048
3089132555
3000512888
278115663
1341529884
737718631
2672918817
44863434
148446087
845722669
1040823811
1419621264
11208922

67321208
2583821436
2197019048
837125884
397310507
650826728

#Hotel
2192111224
2491125014
1227127887
1070420284

##Month
1723122302
119594805
2790422843
269878926
169583270
188212075
216604021
2591925622
18417343
257048195
298426290
194307236
##Day
1176513416
2029919750

3061424605
##

##Week
100284704
2539014642
3137132747
450529801
359527363
1072227141
1710032206
2634519670

